Epoch:10
mAP: 0.6985258525852586
AP_50: 0.9756875687568757
AP_75: 0.8918041804180418
AP_small: -1.0
AP_m: -1.0
AP_l: 0.6985258525852586
Epoch:20
mAP: 0.7497249724972497
AP_50: 1.0
AP_75: 0.9251925192519251
AP_small: -1.0
AP_m: -1.0
AP_l: 0.7497249724972497
