image: quantu.jpg
resolution: 0.05
origin: [-2.75, -2.22007, 0.000000]
negate: 0
occupied_thresh: 0.65
free_thresh: 0.196

