image_width: 640
image_height: 480
camera_name: my_camera
camera_matrix:
  rows: 3
  cols: 3
  data: [423.4942109919825, 0, 324.6580129887261, 0, 421.694520110462, 235.5948516939997, 0, 0, 1]
distortion_model: plumb_bob
distortion_coefficients:
  rows: 1
  cols: 5
  data: [-0.3096392543674495, 0.08675244795132679, -0.000645562389437528, 4.435007959209914e-05, 0]
rectification_matrix:
  rows: 3
  cols: 3
  data: [1, 0, 0, 0, 1, 0, 0, 0, 1]
projection_matrix:
  rows: 3
  cols: 4
  data: [333.9016723632812, 0, 326.7001207922112, 0, 0, 373.271728515625, 233.4310370398744, 0, 0, 0, 1, 0]